0 0 0 0 0 1 4 0 6
0 4 0 6 0 0 0 0 0
1 0 6 0 0 0 0 5 0 
0 0 8 0 0 4 0 6 0
4 2 0 0 6 7 1 0 5
5 6 1 8 2 9 0 0 0
9 0 4 0 7 6 5 3 0
0 5 7 1 0 8 0 4 0
0 0 0 0 4 5 8 0 7
0 0 6 0 5 0 0 3 0
0 1 8 3 0 0 0 0 5
7 5 0 2 8 0 0 9 6
0 7 0 0 2 0 0 0 1
1 0 0 0 6 3 4 0 9
0 6 2 0 0 0 0 0 8
8 2 7 0 0 9 0 1 3 
5 3 0 0 0 0 9 8 0
0 0 9 8 3 0 2 0 0
9 8 0 7 4 0 5 0 3
5 0 0 8 0 0 0 9 0 
6 7 3 0 5 0 8 0 4
0 0 0 0 1 4 0 0 0
0 5 0 9 0 3 0 6 0 
0 0 0 5 2 0 0 0 0
2 0 9 0 7 0 3 8 6
0 6 0 0 0 1 0 0 2
7 0 4 0 6 8 0 5 9